1	0.028	0.009	0	0	0	0.769	0.16	0	0	0	0
0.028	1	0.681	0	0	0	0.056	0.836	0	0	0	0
0.009	0.681	1	0	0	0	0.02	0.839	0	0	0	0
0	0	0	1	0	0	0	0	1	0.002	0	0
0	0	0	0	1	0.168	0	0	0	0.222	0.401	0.039
0	0	0	0	0.168	1	0	0	0	0.013	0.558	0.313
0.769	0.056	0.02	0	0	0	1	0.34	0	0	0	0
0.16	0.836	0.839	0	0	0	0.34	1	0	0	0	0
0	0	0	1	0	0	0	0	1	0.002	0	0
0	0	0	0.002	0.222	0.013	0	0	0.002	1	0.044	0.002
0	0	0	0	0.401	0.558	0	0	0	0.044	1	0.151
0	0	0	0	0.039	0.313	0	0	0	0.002	0.151	1
